1 1 2.298782e-04
1 2 -4.759365e-05
1 3 1.247967e-06
1 4 -8.795318e-07
1 5 5.386078e-08
1 6 1.815917e-09
1 7 -1.842127e-09
1 8 -1.732841e-11
1 9 -9.401679e-10
1 10 -6.809247e-11
1 11 5.060109e-11
1 12 2.881978e-11
1 13 -5.599471e-12
1 14 2.654519e-13
1 15 -4.827117e-14
1 16 1.193832e-14
1 17 3.911746e-15
1 18 -3.546831e-16
1 19 -4.112327e-16
1 20 4.150594e-17
1 21 -4.856126e-18
1 22 -5.469066e-19
1 23 1.145366e-18
1 24 -5.381854e-18
1 25 1.566700e-17
1 26 -6.468521e-18
1 27 1.771760e-18
1 28 -5.026982e-19
1 29 1.415572e-19
1 30 -4.271151e-20
1 31 1.349625e-20
1 32 -4.399130e-21
1 33 1.399462e-21
1 34 -4.734871e-22
1 35 1.428748e-22
2 1 -4.759365e-05
2 2 2.647908e-04
2 3 -5.013584e-05
2 4 2.430016e-06
2 5 -9.115731e-07
2 6 4.583868e-08
2 7 7.379717e-09
2 8 -3.923557e-09
2 9 3.747924e-10
2 10 -5.063455e-10
2 11 1.167516e-10
2 12 -2.998810e-10
2 13 6.433002e-11
2 14 -2.846122e-12
2 15 6.228155e-13
2 16 -7.380872e-14
2 17 7.953916e-15
2 18 6.676802e-15
2 19 1.610412e-15
2 20 -2.088687e-15
2 21 4.272539e-15
2 22 -8.068768e-16
2 23 7.562681e-17
2 24 3.928372e-17
2 25 -1.589536e-16
2 26 6.565841e-17
2 27 -1.805822e-17
2 28 5.132068e-18
2 29 -1.440009e-18
2 30 4.309008e-19
2 31 -1.360585e-19
2 32 4.435328e-20
2 33 -1.410330e-20
2 34 4.774521e-21
2 35 -1.440441e-21
3 1 1.247967e-06
3 2 -5.013584e-05
3 3 2.784891e-04
3 4 -5.266612e-05
3 5 2.623362e-06
3 6 -8.917473e-07
3 7 3.452650e-08
3 8 1.422498e-08
3 9 -4.694411e-09
3 10 -9.499960e-10
3 11 -7.005032e-10
3 12 2.767531e-10
3 13 2.268740e-11
3 14 -2.290246e-12
3 15 2.336120e-13
3 16 -1.432279e-14
3 17 5.609535e-14
3 18 -6.531588e-15
3 19 -1.945897e-15
3 20 2.966619e-15
3 21 -1.452829e-14
3 22 2.824291e-15
3 23 -3.040737e-16
3 24 4.187025e-17
3 25 3.540348e-17
3 26 -1.427948e-17
3 27 4.216254e-18
3 28 -1.237136e-18
3 29 3.356679e-19
3 30 -9.059661e-20
3 31 2.840330e-20
3 32 -9.314026e-21
3 33 2.948203e-21
3 34 -1.005485e-21
3 35 3.028224e-22
4 1 -8.795318e-07
4 2 2.430016e-06
4 3 -5.266612e-05
4 4 2.919604e-04
4 5 -5.440676e-05
4 6 2.707177e-06
4 7 -9.508034e-07
4 8 4.030287e-08
4 9 4.099732e-09
4 10 -1.234843e-09
4 11 -1.665495e-09
4 12 -1.535658e-10
4 13 -4.701781e-11
4 14 9.565409e-11
4 15 -5.248685e-12
4 16 -6.943829e-13
4 17 7.435396e-13
4 18 -2.041384e-13
4 19 2.630424e-14
4 20 1.857895e-15
4 21 -3.974232e-14
4 22 7.558098e-15
4 23 -7.946170e-16
4 24 2.138506e-16
4 25 -1.537622e-16
4 26 6.421535e-17
4 27 -1.673689e-17
4 28 4.616769e-18
4 29 -1.350772e-18
4 30 4.390850e-19
4 31 -1.397801e-19
4 32 4.551287e-20
4 33 -1.452313e-20
4 34 4.890171e-21
4 35 -1.477646e-21
5 1 5.386078e-08
5 2 -9.115731e-07
5 3 2.623362e-06
5 4 -5.440676e-05
5 5 2.894631e-04
5 6 -5.563631e-05
5 7 2.931207e-06
5 8 -9.279324e-07
5 9 6.222009e-08
5 10 7.907855e-10
5 11 -2.286134e-10
5 12 -3.337596e-10
5 13 -1.576931e-10
5 14 -2.072786e-10
5 15 6.588623e-11
5 16 -2.290740e-12
5 17 -1.666815e-12
5 18 3.589092e-13
5 19 -9.109261e-15
5 20 -1.220276e-13
5 21 9.154708e-13
5 22 -1.788140e-13
5 23 1.927957e-14
5 24 -3.571796e-15
5 25 -1.910102e-17
5 26 -6.879980e-18
5 27 -1.796009e-17
5 28 7.984875e-18
5 29 -1.444851e-18
5 30 -2.274844e-19
5 31 8.433867e-20
5 32 -2.406031e-20
5 33 8.435901e-21
5 34 -2.362192e-21
5 35 7.477511e-22
6 1 1.815917e-09
6 2 4.583868e-08
6 3 -8.917473e-07
6 4 2.707177e-06
6 5 -5.563631e-05
6 6 2.991836e-04
6 7 -5.816128e-05
6 8 3.164718e-06
6 9 -9.347127e-07
6 10 7.148346e-08
6 11 2.489970e-09
6 12 -3.413529e-09
6 13 -6.646804e-10
6 14 -7.622938e-10
6 15 9.135390e-11
6 16 -9.842305e-12
6 17 5.359980e-11
6 18 -1.240242e-11
6 19 1.241053e-12
6 20 2.881450e-13
6 21 -3.115895e-12
6 22 6.083716e-13
6 23 -6.625660e-14
6 24 1.132218e-14
6 25 1.852870e-15
6 26 -6.738244e-16
6 27 2.513644e-16
6 28 -8.065100e-17
6 29 1.937086e-17
6 30 -3.477120e-18
6 31 1.036584e-18
6 32 -3.463556e-19
6 33 1.066758e-19
6 34 -3.785301e-20
6 35 1.128010e-20
7 1 -1.842127e-09
7 2 7.379717e-09
7 3 3.452650e-08
7 4 -9.508034e-07
7 5 2.931207e-06
7 6 -5.816128e-05
7 7 3.094255e-04
7 8 -5.888745e-05
7 9 3.308212e-06
7 10 -1.001786e-06
7 11 6.089554e-08
7 12 4.446056e-09
7 13 -3.994442e-09
7 14 -3.024464e-10
7 15 -8.383809e-10
7 16 3.516209e-10
7 17 -4.434472e-10
7 18 1.192364e-10
7 19 -1.144276e-11
7 20 -6.601363e-12
7 21 5.806792e-11
7 22 -1.135507e-11
7 23 1.225193e-12
7 24 -2.239724e-13
7 25 6.303339e-15
7 26 -4.054239e-15
7 27 -1.326228e-16
7 28 2.146730e-16
7 29 -3.258704e-18
7 30 -4.227680e-17
7 31 1.437069e-17
7 32 -4.500007e-18
7 33 1.491125e-18
7 34 -4.723981e-19
7 35 1.450122e-19
8 1 -1.732841e-11
8 2 -3.923557e-09
8 3 1.422498e-08
8 4 4.030287e-08
8 5 -9.279324e-07
8 6 3.164718e-06
8 7 -5.888745e-05
8 8 3.032032e-04
8 9 -6.165361e-05
8 10 3.594924e-06
8 11 -9.030448e-07
8 12 8.412179e-08
8 13 2.377536e-09
8 14 -3.980756e-09
8 15 -5.068482e-10
8 16 6.457183e-11
8 17 4.944176e-10
8 18 4.217473e-11
8 19 -2.954299e-11
8 20 4.684958e-11
8 21 -3.005902e-10
8 22 5.863043e-11
8 23 -6.352126e-12
8 24 1.153519e-12
8 25 -5.748441e-14
8 26 3.082523e-14
8 27 -1.940467e-15
8 28 -3.551869e-16
8 29 -1.313278e-16
8 30 2.525263e-16
8 31 -8.348657e-17
8 32 2.584957e-17
8 33 -8.479698e-18
8 34 2.711780e-18
8 35 -8.285858e-19
9 1 -9.401679e-10
9 2 3.747924e-10
9 3 -4.694411e-09
9 4 4.099732e-09
9 5 6.222009e-08
9 6 -9.347127e-07
9 7 3.308212e-06
9 8 -6.165361e-05
9 9 3.229303e-04
9 10 -6.274773e-05
9 11 3.496393e-06
9 12 -1.011723e-06
9 13 9.289562e-08
9 14 -2.441378e-09
9 15 -2.906251e-09
9 16 1.737215e-10
9 17 -1.425223e-09
9 18 -3.561561e-10
9 19 2.687389e-10
9 20 -5.372930e-11
9 21 6.744368e-11
9 22 -1.248572e-11
9 23 1.342838e-12
9 24 -1.776267e-13
9 25 -1.638955e-13
9 26 6.482214e-14
9 27 -1.904477e-14
9 28 5.631329e-15
9 29 -1.697937e-15
9 30 4.951326e-16
9 31 -1.594345e-16
9 32 5.330808e-17
9 33 -1.703591e-17
9 34 5.772484e-18
9 35 -1.746541e-18
10 1 -6.809247e-11
10 2 -5.063455e-10
10 3 -9.499960e-10
10 4 -1.234843e-09
10 5 7.907855e-10
10 6 7.148346e-08
10 7 -1.001786e-06
10 8 3.594924e-06
10 9 -6.274773e-05
10 10 3.125981e-04
10 11 -6.327513e-05
10 12 3.963770e-06
10 13 -1.007434e-06
10 14 8.020713e-08
10 15 -7.220257e-09
10 16 -5.739243e-09
10 17 -1.688160e-09
10 18 -2.591366e-13
10 19 -3.582508e-10
10 20 2.029507e-10
10 21 -3.260137e-11
10 22 3.837306e-12
10 23 -7.117614e-14
10 24 -8.932236e-13
10 25 2.677520e-12
10 26 -1.114587e-12
10 27 3.037652e-13
10 28 -8.590695e-14
10 29 2.420259e-14
10 30 -7.263541e-15
10 31 2.295028e-15
10 32 -7.481876e-16
10 33 2.378824e-16
10 34 -8.052945e-17
10 35 2.429598e-17
11 1 5.060109e-11
11 2 1.167516e-10
11 3 -7.005032e-10
11 4 -1.665495e-09
11 5 -2.286134e-10
11 6 2.489970e-09
11 7 6.089554e-08
11 8 -9.030448e-07
11 9 3.496393e-06
11 10 -6.327513e-05
11 11 3.158564e-04
11 12 -6.801975e-05
11 13 4.553629e-06
11 14 -9.402770e-07
11 15 8.352682e-08
11 16 -1.500634e-08
11 17 -4.262629e-09
11 18 -4.792461e-10
11 19 2.927101e-10
11 20 -6.197377e-10
11 21 1.757468e-10
11 22 -1.876549e-11
11 23 1.920598e-12
11 24 2.696825e-12
11 25 -8.371563e-12
11 26 3.477397e-12
11 27 -9.507041e-13
11 28 2.682705e-13
11 29 -7.545457e-14
11 30 2.255145e-14
11 31 -7.117265e-15
11 32 2.320613e-15
11 33 -7.374568e-16
11 34 2.497385e-16
11 35 -7.533772e-17
12 1 2.881978e-11
12 2 -2.998810e-10
12 3 2.767531e-10
12 4 -1.535658e-10
12 5 -3.337596e-10
12 6 -3.413529e-09
12 7 4.446056e-09
12 8 8.412179e-08
12 9 -1.011723e-06
12 10 3.963770e-06
12 11 -6.801975e-05
12 12 3.430181e-04
12 13 -7.329104e-05
12 14 4.810266e-06
12 15 -8.810926e-07
12 16 1.053688e-07
12 17 -1.451985e-08
12 18 -6.040806e-09
12 19 -1.346034e-09
12 20 1.480289e-09
12 21 -4.197814e-10
12 22 4.950042e-11
12 23 8.053804e-12
12 24 -6.167341e-11
12 25 1.821919e-10
12 26 -7.535920e-11
12 27 2.063303e-11
12 28 -5.851008e-12
12 29 1.645402e-12
12 30 -4.955967e-13
12 31 1.565481e-13
12 32 -5.101415e-14
12 33 1.622566e-14
12 34 -5.490587e-15
12 35 1.656645e-15
13 1 -5.599471e-12
13 2 6.433002e-11
13 3 2.268740e-11
13 4 -4.701781e-11
13 5 -1.576931e-10
13 6 -6.646804e-10
13 7 -3.994442e-09
13 8 2.377536e-09
13 9 9.289562e-08
13 10 -1.007434e-06
13 11 4.553629e-06
13 12 -7.329104e-05
13 13 3.535099e-04
13 14 -7.704947e-05
13 15 5.335657e-06
13 16 -1.009155e-06
13 17 8.991920e-08
13 18 -6.301614e-09
13 19 -7.548872e-09
13 20 -1.617838e-09
13 21 4.378382e-10
13 22 2.030705e-10
13 23 -1.230480e-10
13 24 4.918861e-10
13 25 -1.412793e-09
13 26 5.836606e-10
13 27 -1.598705e-10
13 28 4.533411e-11
13 29 -1.275121e-11
13 30 3.843459e-12
13 31 -1.213994e-12
13 32 3.956109e-13
13 33 -1.258334e-13
13 34 4.257784e-14
13 35 -1.284705e-14
14 1 2.654519e-13
14 2 -2.846122e-12
14 3 -2.290246e-12
14 4 9.565409e-11
14 5 -2.072786e-10
14 6 -7.622938e-10
14 7 -3.024464e-10
14 8 -3.980756e-09
14 9 -2.441378e-09
14 10 8.020713e-08
14 11 -9.402770e-07
14 12 4.810266e-06
14 13 -7.704947e-05
14 14 3.603091e-04
14 15 -8.082408e-05
14 16 6.440223e-06
14 17 -1.022097e-06
14 18 1.077093e-07
14 19 -2.016986e-08
14 20 -3.582439e-09
14 21 1.225575e-09
14 22 -6.543954e-10
14 23 1.438957e-10
14 24 8.512693e-11
14 25 9.245336e-11
14 26 -4.539457e-11
14 27 1.253191e-11
14 28 -3.681269e-12
14 29 1.012860e-12
14 30 -3.045294e-13
14 31 9.662982e-14
14 32 -3.124433e-14
14 33 1.000497e-14
14 34 -3.386734e-15
14 35 1.021475e-15
15 1 -4.827117e-14
15 2 6.228155e-13
15 3 2.336120e-13
15 4 -5.248685e-12
15 5 6.588623e-11
15 6 9.135390e-11
15 7 -8.383809e-10
15 8 -5.068482e-10
15 9 -2.906251e-09
15 10 -7.220257e-09
15 11 8.352682e-08
15 12 -8.810926e-07
15 13 5.335657e-06
15 14 -8.082408e-05
15 15 3.651332e-04
15 16 -9.121913e-05
15 17 8.417200e-06
15 18 -1.219996e-06
15 19 1.042587e-07
15 20 -2.368624e-08
15 21 -1.984553e-09
15 22 2.090148e-09
15 23 5.070931e-10
15 24 -4.717270e-10
15 25 1.160365e-10
15 26 -2.365962e-11
15 27 5.648229e-12
15 28 -1.376108e-12
15 29 2.744012e-13
15 30 -5.662370e-14
15 31 1.135932e-14
15 32 -3.151606e-15
15 33 6.697879e-16
15 34 -2.410747e-16
15 35 6.767673e-17
16 1 1.193832e-14
16 2 -7.380872e-14
16 3 -1.432279e-14
16 4 -6.943829e-13
16 5 -2.290740e-12
16 6 -9.842305e-12
16 7 3.516209e-10
16 8 6.457183e-11
16 9 1.737215e-10
16 10 -5.739243e-09
16 11 -1.500634e-08
16 12 1.053688e-07
16 13 -1.009155e-06
16 14 6.440223e-06
16 15 -9.121913e-05
16 16 4.130349e-04
16 17 -1.069051e-04
16 18 1.128617e-05
16 19 -1.560477e-06
16 20 1.397258e-07
16 21 -3.657016e-08
16 22 4.112047e-10
16 23 -1.245603e-09
16 24 -8.633864e-10
16 25 3.524748e-10
16 26 -7.818047e-11
16 27 2.400824e-11
16 28 -6.387982e-12
16 29 3.675945e-12
16 30 -1.437443e-12
16 31 4.900311e-13
16 32 -1.728491e-13
16 33 5.605759e-14
16 34 -1.866123e-14
16 35 5.708746e-15
17 1 3.911746e-15
17 2 7.953916e-15
17 3 5.609535e-14
17 4 7.435396e-13
17 5 -1.666815e-12
17 6 5.359980e-11
17 7 -4.434472e-10
17 8 4.944176e-10
17 9 -1.425223e-09
17 10 -1.688160e-09
17 11 -4.262629e-09
17 12 -1.451985e-08
17 13 8.991920e-08
17 14 -1.022097e-06
17 15 8.417200e-06
17 16 -1.069051e-04
17 17 4.572637e-04
17 18 -1.305173e-04
17 19 1.573263e-05
17 20 -2.134861e-06
17 21 1.979511e-07
17 22 -3.680804e-08
17 23 2.593450e-09
17 24 3.215477e-09
17 25 -6.073742e-10
17 26 3.270084e-10
17 27 -1.009749e-10
17 28 2.731137e-11
17 29 -1.768048e-11
17 30 6.884420e-12
17 31 -2.416882e-12
17 32 8.514896e-13
17 33 -2.785013e-13
17 34 9.295382e-14
17 35 -2.841180e-14
18 1 -3.546831e-16
18 2 6.676802e-15
18 3 -6.531588e-15
18 4 -2.041384e-13
18 5 3.589092e-13
18 6 -1.240242e-11
18 7 1.192364e-10
18 8 4.217473e-11
18 9 -3.561561e-10
18 10 -2.591366e-13
18 11 -4.792461e-10
18 12 -6.040806e-09
18 13 -6.301614e-09
18 14 1.077093e-07
18 15 -1.219996e-06
18 16 1.128617e-05
18 17 -1.305173e-04
18 18 5.487180e-04
18 19 -1.534409e-04
18 20 2.024626e-05
18 21 -2.854763e-06
18 22 2.820514e-07
18 23 -5.697641e-08
18 24 -4.165559e-09
18 25 3.759498e-09
18 26 -9.567903e-10
18 27 3.732941e-10
18 28 -1.666910e-10
18 29 2.277141e-10
18 30 -1.016857e-10
18 31 3.662702e-11
18 32 -1.310798e-11
18 33 4.333674e-12
18 34 -1.436821e-12
18 35 4.412927e-13
19 1 -4.112327e-16
19 2 1.610412e-15
19 3 -1.945897e-15
19 4 2.630424e-14
19 5 -9.109261e-15
19 6 1.241053e-12
19 7 -1.144276e-11
19 8 -2.954299e-11
19 9 2.687389e-10
19 10 -3.582508e-10
19 11 2.927101e-10
19 12 -1.346034e-09
19 13 -7.548872e-09
19 14 -2.016986e-08
19 15 1.042587e-07
19 16 -1.560477e-06
19 17 1.573263e-05
19 18 -1.534409e-04
19 19 5.800978e-04
19 20 -1.814657e-04
19 21 2.683833e-05
19 22 -3.997346e-06
19 23 4.342650e-07
19 24 -6.848536e-08
19 25 6.148182e-09
19 26 1.506720e-09
19 27 6.015161e-10
19 28 2.541344e-10
19 29 -1.249135e-09
19 30 5.809972e-10
19 31 -2.143780e-10
19 32 7.729781e-11
19 33 -2.564646e-11
19 34 8.499458e-12
19 35 -2.613754e-12
20 1 4.150594e-17
20 2 -2.088687e-15
20 3 2.966619e-15
20 4 1.857895e-15
20 5 -1.220276e-13
20 6 2.881450e-13
20 7 -6.601363e-12
20 8 4.684958e-11
20 9 -5.372930e-11
20 10 2.029507e-10
20 11 -6.197377e-10
20 12 1.480289e-09
20 13 -1.617838e-09
20 14 -3.582439e-09
20 15 -2.368624e-08
20 16 1.397258e-07
20 17 -2.134861e-06
20 18 2.024626e-05
20 19 -1.814657e-04
20 20 6.826773e-04
20 21 -2.075724e-04
20 22 3.402889e-05
20 23 -5.793084e-06
20 24 7.152933e-07
20 25 -1.142578e-07
20 26 2.444351e-09
20 27 -1.668225e-09
20 28 2.219126e-09
20 29 -1.723705e-09
20 30 9.551802e-10
20 31 -3.287782e-10
20 32 1.127099e-10
20 33 -3.751882e-11
20 34 1.226270e-11
20 35 -3.769774e-12
21 1 -4.856126e-18
21 2 4.272539e-15
21 3 -1.452829e-14
21 4 -3.974232e-14
21 5 9.154708e-13
21 6 -3.115895e-12
21 7 5.806792e-11
21 8 -3.005902e-10
21 9 6.744368e-11
21 10 -3.260137e-11
21 11 1.757468e-10
21 12 -4.197814e-10
21 13 4.378382e-10
21 14 1.225575e-09
21 15 -1.984553e-09
21 16 -3.657016e-08
21 17 1.979511e-07
21 18 -2.854763e-06
21 19 2.683833e-05
21 20 -2.075724e-04
21 21 6.805668e-04
21 22 -2.321499e-04
21 23 4.365975e-05
21 24 -8.412456e-06
21 25 1.351721e-06
21 26 -2.538090e-07
21 27 4.645286e-08
21 28 -8.166189e-09
21 29 3.097804e-09
21 30 -1.403247e-09
21 31 3.583614e-10
21 32 -1.191664e-10
21 33 3.638319e-11
21 34 -1.191172e-11
21 35 3.665413e-12
22 1 -5.469066e-19
22 2 -8.068768e-16
22 3 2.824291e-15
22 4 7.558098e-15
22 5 -1.788140e-13
22 6 6.083716e-13
22 7 -1.135507e-11
22 8 5.863043e-11
22 9 -1.248572e-11
22 10 3.837306e-12
22 11 -1.876549e-11
22 12 4.950042e-11
22 13 2.030705e-10
22 14 -6.543954e-10
22 15 2.090148e-09
22 16 4.112047e-10
22 17 -3.680804e-08
22 18 2.820514e-07
22 19 -3.997346e-06
22 20 3.402889e-05
22 21 -2.321499e-04
22 22 7.800533e-04
22 23 -2.813498e-04
22 24 5.962015e-05
22 25 -1.309726e-05
22 26 2.654281e-06
22 27 -5.922853e-07
22 28 1.448072e-07
22 29 -4.141875e-08
22 30 1.205987e-08
22 31 -2.990443e-09
22 32 9.987351e-10
22 33 -2.966528e-10
22 34 1.002336e-10
22 35 -3.054386e-11
23 1 1.145366e-18
23 2 7.562681e-17
23 3 -3.040737e-16
23 4 -7.946170e-16
23 5 1.927957e-14
23 6 -6.625660e-14
23 7 1.225193e-12
23 8 -6.352126e-12
23 9 1.342838e-12
23 10 -7.117614e-14
23 11 1.920598e-12
23 12 8.053804e-12
23 13 -1.230480e-10
23 14 1.438957e-10
23 15 5.070931e-10
23 16 -1.245603e-09
23 17 2.593450e-09
23 18 -5.697641e-08
23 19 4.342650e-07
23 20 -5.793084e-06
23 21 4.365975e-05
23 22 -2.813498e-04
23 23 9.152729e-04
23 24 -3.545631e-04
23 25 8.371616e-05
23 26 -2.049464e-05
23 27 4.728098e-06
23 28 -1.208710e-06
23 29 3.516827e-07
23 30 -1.053981e-07
23 31 3.108337e-08
23 32 -1.035190e-08
23 33 3.180454e-09
23 34 -1.075699e-09
23 35 3.260375e-10
24 1 -5.381854e-18
24 2 3.928372e-17
24 3 4.187025e-17
24 4 2.138506e-16
24 5 -3.571796e-15
24 6 1.132218e-14
24 7 -2.239724e-13
24 8 1.153519e-12
24 9 -1.776267e-13
24 10 -8.932236e-13
24 11 2.696825e-12
24 12 -6.167341e-11
24 13 4.918861e-10
24 14 8.512693e-11
24 15 -4.717270e-10
24 16 -8.633864e-10
24 17 3.215477e-09
24 18 -4.165559e-09
24 19 -6.848536e-08
24 20 7.152933e-07
24 21 -8.412456e-06
24 22 5.962015e-05
24 23 -3.545631e-04
24 24 1.131205e-03
24 25 -4.467024e-04
24 26 1.148797e-04
24 27 -3.038313e-05
24 28 7.724066e-06
24 29 -2.226743e-06
24 30 6.786083e-07
24 31 -2.073999e-07
24 32 6.942902e-08
24 33 -2.159331e-08
24 34 7.302853e-09
24 35 -2.211797e-09
25 1 1.566700e-17
25 2 -1.589536e-16
25 3 3.540348e-17
25 4 -1.537622e-16
25 5 -1.910102e-17
25 6 1.852870e-15
25 7 6.303339e-15
25 8 -5.748441e-14
25 9 -1.638955e-13
25 10 2.677520e-12
25 11 -8.371563e-12
25 12 1.821919e-10
25 13 -1.412793e-09
25 14 9.245336e-11
25 15 1.160365e-10
25 16 3.524748e-10
25 17 -6.073742e-10
25 18 3.759498e-09
25 19 6.148182e-09
25 20 -1.142578e-07
25 21 1.351721e-06
25 22 -1.309726e-05
25 23 8.371616e-05
25 24 -4.467024e-04
25 25 1.279584e-03
25 26 -5.284563e-04
25 27 1.447449e-04
25 28 -4.105170e-05
25 29 1.154713e-05
25 30 -3.481321e-06
25 31 1.099733e-06
25 32 -3.583756e-07
25 33 1.139917e-07
25 34 -3.857009e-08
25 35 1.163784e-08
26 1 -6.468521e-18
26 2 6.565841e-17
26 3 -1.427948e-17
26 4 6.421535e-17
26 5 -6.879980e-18
26 6 -6.738244e-16
26 7 -4.054239e-15
26 8 3.082523e-14
26 9 6.482214e-14
26 10 -1.114587e-12
26 11 3.477397e-12
26 12 -7.535920e-11
26 13 5.836606e-10
26 14 -4.539457e-11
26 15 -2.365962e-11
26 16 -7.818047e-11
26 17 3.270084e-10
26 18 -9.567903e-10
26 19 1.506720e-09
26 20 2.444351e-09
26 21 -2.538090e-07
26 22 2.654281e-06
26 23 -2.049464e-05
26 24 1.148797e-04
26 25 -5.284563e-04
26 26 1.416084e-03
26 27 -5.717527e-04
26 28 1.652889e-04
26 29 -5.033626e-05
26 30 1.516663e-05
26 31 -4.924942e-06
26 32 1.616984e-06
26 33 -5.233019e-07
26 34 1.769524e-07
26 35 -5.326270e-08
27 1 1.771760e-18
27 2 -1.805822e-17
27 3 4.216254e-18
27 4 -1.673689e-17
27 5 -1.796009e-17
27 6 2.513644e-16
27 7 -1.326228e-16
27 8 -1.940467e-15
27 9 -1.904477e-14
27 10 3.037652e-13
27 11 -9.507041e-13
27 12 2.063303e-11
27 13 -1.598705e-10
27 14 1.253191e-11
27 15 5.648229e-12
27 16 2.400824e-11
27 17 -1.009749e-10
27 18 3.732941e-10
27 19 6.015161e-10
27 20 -1.668225e-09
27 21 4.645286e-08
27 22 -5.922853e-07
27 23 4.728098e-06
27 24 -3.038313e-05
27 25 1.447449e-04
27 26 -5.717527e-04
27 27 1.258778e-03
27 28 -5.295347e-04
27 29 1.655035e-04
27 30 -5.381515e-05
27 31 1.726900e-05
27 32 -5.662254e-06
27 33 1.856155e-06
27 34 -6.165508e-07
27 35 1.861575e-07
28 1 -5.026982e-19
28 2 5.132068e-18
28 3 -1.237136e-18
28 4 4.616769e-18
28 5 7.984875e-18
28 6 -8.065100e-17
28 7 2.146730e-16
28 8 -3.551869e-16
28 9 5.631329e-15
28 10 -8.590695e-14
28 11 2.682705e-13
28 12 -5.851008e-12
28 13 4.533411e-11
28 14 -3.681269e-12
28 15 -1.376108e-12
28 16 -6.387982e-12
28 17 2.731137e-11
28 18 -1.666910e-10
28 19 2.541344e-10
28 20 2.219126e-09
28 21 -8.166189e-09
28 22 1.448072e-07
28 23 -1.208710e-06
28 24 7.724066e-06
28 25 -4.105170e-05
28 26 1.652889e-04
28 27 -5.295347e-04
28 28 1.131493e-03
28 29 -5.047897e-04
28 30 1.695691e-04
28 31 -5.848032e-05
28 32 1.922415e-05
28 33 -6.283461e-06
28 34 2.069478e-06
28 35 -6.257689e-07
29 1 1.415572e-19
29 2 -1.440009e-18
29 3 3.356679e-19
29 4 -1.350772e-18
29 5 -1.444851e-18
29 6 1.937086e-17
29 7 -3.258704e-18
29 8 -1.313278e-16
29 9 -1.697937e-15
29 10 2.420259e-14
29 11 -7.545457e-14
29 12 1.645402e-12
29 13 -1.275121e-11
29 14 1.012860e-12
29 15 2.744012e-13
29 16 3.675945e-12
29 17 -1.768048e-11
29 18 2.277141e-10
29 19 -1.249135e-09
29 20 -1.723705e-09
29 21 3.097804e-09
29 22 -4.141875e-08
29 23 3.516827e-07
29 24 -2.226743e-06
29 25 1.154713e-05
29 26 -5.033626e-05
29 27 1.655035e-04
29 28 -5.047897e-04
29 29 1.073043e-03
29 30 -5.074341e-04
29 31 1.846536e-04
29 32 -6.597658e-05
29 33 2.190316e-05
29 34 -7.245443e-06
29 35 2.226974e-06
30 1 -4.271151e-20
30 2 4.309008e-19
30 3 -9.059661e-20
30 4 4.390850e-19
30 5 -2.274844e-19
30 6 -3.477120e-18
30 7 -4.227680e-17
30 8 2.525263e-16
30 9 4.951326e-16
30 10 -7.263541e-15
30 11 2.255145e-14
30 12 -4.955967e-13
30 13 3.843459e-12
30 14 -3.045294e-13
30 15 -5.662370e-14
30 16 -1.437443e-12
30 17 6.884420e-12
30 18 -1.016857e-10
30 19 5.809972e-10
30 20 9.551802e-10
30 21 -1.403247e-09
30 22 1.205987e-08
30 23 -1.053981e-07
30 24 6.786083e-07
30 25 -3.481321e-06
30 26 1.516663e-05
30 27 -5.381515e-05
30 28 1.695691e-04
30 29 -5.074341e-04
30 30 1.099117e-03
30 31 -5.821448e-04
30 32 2.242730e-04
30 33 -7.995671e-05
30 34 2.711343e-05
30 35 -8.508608e-06
31 1 1.349625e-20
31 2 -1.360585e-19
31 3 2.840330e-20
31 4 -1.397801e-19
31 5 8.433867e-20
31 6 1.036584e-18
31 7 1.437069e-17
31 8 -8.348657e-17
31 9 -1.594345e-16
31 10 2.295028e-15
31 11 -7.117265e-15
31 12 1.565481e-13
31 13 -1.213994e-12
31 14 9.662982e-14
31 15 1.135932e-14
31 16 4.900311e-13
31 17 -2.416882e-12
31 18 3.662702e-11
31 19 -2.143780e-10
31 20 -3.287782e-10
31 21 3.583614e-10
31 22 -2.990443e-09
31 23 3.108337e-08
31 24 -2.073999e-07
31 25 1.099733e-06
31 26 -4.924942e-06
31 27 1.726900e-05
31 28 -5.848032e-05
31 29 1.846536e-04
31 30 -5.821448e-04
31 31 1.417552e-03
31 32 -7.661559e-04
31 33 2.885728e-04
31 34 -1.044583e-04
31 35 3.396542e-05
32 1 -4.399130e-21
32 2 4.435328e-20
32 3 -9.314026e-21
32 4 4.551287e-20
32 5 -2.406031e-20
32 6 -3.463556e-19
32 7 -4.500007e-18
32 8 2.584957e-17
32 9 5.330808e-17
32 10 -7.481876e-16
32 11 2.320613e-15
32 12 -5.101415e-14
32 13 3.956109e-13
32 14 -3.124433e-14
32 15 -3.151606e-15
32 16 -1.728491e-13
32 17 8.514896e-13
32 18 -1.310798e-11
32 19 7.729781e-11
32 20 1.127099e-10
32 21 -1.191664e-10
32 22 9.987351e-10
32 23 -1.035190e-08
32 24 6.942902e-08
32 25 -3.583756e-07
32 26 1.616984e-06
32 27 -5.662254e-06
32 28 1.922415e-05
32 29 -6.597658e-05
32 30 2.242730e-04
32 31 -7.661559e-04
32 32 1.825514e-03
32 33 -9.081758e-04
32 34 3.518311e-04
32 35 -1.243516e-04
33 1 1.399462e-21
33 2 -1.410330e-20
33 3 2.948203e-21
33 4 -1.452313e-20
33 5 8.435901e-21
33 6 1.066758e-19
33 7 1.491125e-18
33 8 -8.479698e-18
33 9 -1.703591e-17
33 10 2.378824e-16
33 11 -7.374568e-16
33 12 1.622566e-14
33 13 -1.258334e-13
33 14 1.000497e-14
33 15 6.697879e-16
33 16 5.605759e-14
33 17 -2.785013e-13
33 18 4.333674e-12
33 19 -2.564646e-11
33 20 -3.751882e-11
33 21 3.638319e-11
33 22 -2.966528e-10
33 23 3.180454e-09
33 24 -2.159331e-08
33 25 1.139917e-07
33 26 -5.233019e-07
33 27 1.856155e-06
33 28 -6.283461e-06
33 29 2.190316e-05
33 30 -7.995671e-05
33 31 2.885728e-04
33 32 -9.081758e-04
33 33 1.739368e-03
33 34 -9.785749e-04
33 35 3.869010e-04
34 1 -4.734871e-22
34 2 4.774521e-21
34 3 -1.005485e-21
34 4 4.890171e-21
34 5 -2.362192e-21
34 6 -3.785301e-20
34 7 -4.723981e-19
34 8 2.711780e-18
34 9 5.772484e-18
34 10 -8.052945e-17
34 11 2.497385e-16
34 12 -5.490587e-15
34 13 4.257784e-14
34 14 -3.386734e-15
34 15 -2.410747e-16
34 16 -1.866123e-14
34 17 9.295382e-14
34 18 -1.436821e-12
34 19 8.499458e-12
34 20 1.226270e-11
34 21 -1.191172e-11
34 22 1.002336e-10
34 23 -1.075699e-09
34 24 7.302853e-09
34 25 -3.857009e-08
34 26 1.769524e-07
34 27 -6.165508e-07
34 28 2.069478e-06
34 29 -7.245443e-06
34 30 2.711343e-05
34 31 -1.044583e-04
34 32 3.518311e-04
34 33 -9.785749e-04
34 34 2.242987e-03
34 35 -1.271414e-03
35 1 1.428748e-22
35 2 -1.440441e-21
35 3 3.028224e-22
35 4 -1.477646e-21
35 5 7.477511e-22
35 6 1.128010e-20
35 7 1.450122e-19
35 8 -8.285858e-19
35 9 -1.746541e-18
35 10 2.429598e-17
35 11 -7.533772e-17
35 12 1.656645e-15
35 13 -1.284705e-14
35 14 1.021475e-15
35 15 6.767673e-17
35 16 5.708746e-15
35 17 -2.841180e-14
35 18 4.412927e-13
35 19 -2.613754e-12
35 20 -3.769774e-12
35 21 3.665413e-12
35 22 -3.054386e-11
35 23 3.260375e-10
35 24 -2.211797e-09
35 25 1.163784e-08
35 26 -5.326270e-08
35 27 1.861575e-07
35 28 -6.257689e-07
35 29 2.226974e-06
35 30 -8.508608e-06
35 31 3.396542e-05
35 32 -1.243516e-04
35 33 3.869010e-04
35 34 -1.271414e-03
35 35 3.006512e-03
