\begin{tabular}{|cc||ccccc|} \hline 
$min(a^{*}_\mathrm{true,i})$ & $max(a^{*}_\mathrm{true,i})$ & $a^{*}_\mathrm{reco,i-2}$ & $a^{*}_\mathrm{reco,i-1}$ & $a^{*}_\mathrm{reco,i}$ & $a^{*}_\mathrm{reco,i+1}$ & $a^{*}_\mathrm{reco,i+2}$ \\ \hline 
 0.00 &  0.02 &  --  &  --  & 9.98e-01 & 2.00e-03 & 0.00e+00\\
 0.02 &  0.04 &  --  & 2.60e-03 & 9.94e-01 & 3.59e-03 & 0.00e+00\\
 0.04 &  0.06 & 0.00e+00 & 4.84e-03 & 9.90e-01 & 4.96e-03 & 0.00e+00\\
 0.06 &  0.08 & 0.00e+00 & 6.38e-03 & 9.87e-01 & 6.26e-03 & 0.00e+00\\
 0.08 &  0.10 & 0.00e+00 & 8.31e-03 & 9.84e-01 & 8.10e-03 & 0.00e+00\\
 0.10 &  0.12 & 0.00e+00 & 1.02e-02 & 9.80e-01 & 9.29e-03 & 0.00e+00\\
 0.12 &  0.14 & 0.00e+00 & 1.18e-02 & 9.77e-01 & 1.09e-02 & 0.00e+00\\
 0.14 &  0.16 & 0.00e+00 & 1.33e-02 & 9.74e-01 & 1.25e-02 & 0.00e+00\\
 0.16 &  0.18 & 0.00e+00 & 1.59e-02 & 9.69e-01 & 1.49e-02 & 0.00e+00\\
 0.18 &  0.20 & 0.00e+00 & 1.68e-02 & 9.68e-01 & 1.54e-02 & 0.00e+00\\
 0.20 &  0.22 & 0.00e+00 & 1.80e-02 & 9.65e-01 & 1.75e-02 & 0.00e+00\\
 0.22 &  0.24 & 0.00e+00 & 1.97e-02 & 9.62e-01 & 1.84e-02 & 0.00e+00\\
 0.24 &  0.26 & 0.00e+00 & 2.25e-02 & 9.58e-01 & 1.98e-02 & 0.00e+00\\
 0.26 &  0.28 & 0.00e+00 & 2.43e-02 & 9.55e-01 & 2.07e-02 & 0.00e+00\\
 0.28 &  0.30 & 0.00e+00 & 2.55e-02 & 9.51e-01 & 2.33e-02 & 0.00e+00\\
 0.30 &  0.32 & 0.00e+00 & 2.55e-02 & 9.50e-01 & 2.47e-02 & 0.00e+00\\
 0.32 &  0.34 & 0.00e+00 & 2.98e-02 & 9.45e-01 & 2.57e-02 & 0.00e+00\\
 0.34 &  0.36 & 0.00e+00 & 3.12e-02 & 9.40e-01 & 2.87e-02 & 0.00e+00\\
 0.36 &  0.38 & 0.00e+00 & 3.26e-02 & 9.39e-01 & 2.83e-02 & 0.00e+00\\
 0.38 &  0.40 & 0.00e+00 & 3.58e-02 & 9.32e-01 & 3.20e-02 & 0.00e+00\\
 0.40 &  0.42 & 0.00e+00 & 3.65e-02 & 9.28e-01 & 3.53e-02 & 0.00e+00\\
 0.42 &  0.44 & 0.00e+00 & 4.05e-02 & 9.24e-01 & 3.56e-02 & 0.00e+00\\
 0.44 &  0.46 & 0.00e+00 & 3.74e-02 & 9.28e-01 & 3.46e-02 & 0.00e+00\\
 0.46 &  0.48 & 0.00e+00 & 4.03e-02 & 9.22e-01 & 3.74e-02 & 0.00e+00\\
 0.48 &  0.50 & 0.00e+00 & 4.37e-02 & 9.19e-01 & 3.71e-02 & 0.00e+00\\
 0.50 &  0.52 & 0.00e+00 & 4.48e-02 & 9.14e-01 & 4.12e-02 & 0.00e+00\\
 0.52 &  0.54 & 0.00e+00 & 4.57e-02 & 9.11e-01 & 4.32e-02 & 0.00e+00\\
 0.54 &  0.56 & 0.00e+00 & 4.95e-02 & 9.05e-01 & 4.51e-02 & 0.00e+00\\
 0.56 &  0.58 & 0.00e+00 & 4.05e-02 & 9.17e-01 & 4.30e-02 & 0.00e+00\\
 0.58 &  0.60 & 0.00e+00 & 4.78e-02 & 9.02e-01 & 5.05e-02 & 0.00e+00\\
 0.60 &  0.62 & 0.00e+00 & 4.89e-02 & 9.02e-01 & 4.95e-02 & 0.00e+00\\
 0.62 &  0.64 & 0.00e+00 & 5.97e-02 & 8.83e-01 & 5.77e-02 & 0.00e+00\\
 0.64 &  0.66 & 0.00e+00 & 5.87e-02 & 8.86e-01 & 5.51e-02 & 0.00e+00\\
 0.66 &  0.68 & 0.00e+00 & 5.57e-02 & 8.90e-01 & 5.41e-02 & 0.00e+00\\
 0.68 &  0.70 & 0.00e+00 & 6.03e-02 & 8.87e-01 & 5.23e-02 & 0.00e+00\\
 0.70 &  0.72 & 0.00e+00 & 5.45e-02 & 8.85e-01 & 6.06e-02 & 0.00e+00\\
 0.72 &  0.74 & 0.00e+00 & 6.93e-02 & 8.80e-01 & 5.05e-02 & 0.00e+00\\
 0.74 &  0.76 & 0.00e+00 & 7.01e-02 & 8.65e-01 & 6.49e-02 & 0.00e+00\\
 0.76 &  0.78 & 0.00e+00 & 6.49e-02 & 8.71e-01 & 6.38e-02 & 0.00e+00\\
 0.78 &  0.80 & 0.00e+00 & 6.72e-02 & 8.65e-01 & 6.78e-02 & 0.00e+00\\
 0.80 &  0.82 & 0.00e+00 & 6.25e-02 & 8.67e-01 & 7.01e-02 & 0.00e+00\\
 0.82 &  0.84 & 0.00e+00 & 7.17e-02 & 8.53e-01 & 7.55e-02 & 0.00e+00\\
 0.84 &  0.86 & 7.22e-04 & 7.51e-02 & 8.52e-01 & 7.15e-02 & 7.22e-04\\
 0.86 &  0.88 & 0.00e+00 & 7.33e-02 & 8.40e-01 & 8.68e-02 & 0.00e+00\\
 0.88 &  0.90 & 0.00e+00 & 6.89e-02 & 8.58e-01 & 7.29e-02 & 0.00e+00\\
 0.90 &  0.92 & 8.40e-04 & 8.65e-02 & 8.28e-01 & 8.40e-02 & 8.40e-04\\
 0.92 &  0.94 & 0.00e+00 & 8.98e-02 & 8.46e-01 & 6.39e-02 &  -- \\
 0.94 &  0.96 & 0.00e+00 & 9.03e-02 & 8.18e-01 &  --  &  -- \\
 0.96 &  0.98 & 0.00e+00 & 8.09e-02 &  --  &  --  &  -- \\
 0.98 &  1.00 & 1.14e-03 &  --  &  --  &  --  &  -- \\
\hline
\end{tabular}
